7573592455
5173396007
9315520606
4357304684
4067289220
NoMatch
6093520043
5056817966
15097640000
4028901682
573885757
7073917910
6142940580
19414841340
2408480068
2672286059
2185485480
7065758462
8172335742
9734792200
6518558108
9528888885
3149710619
14054016122
8014659096
9797753413
15072268330
9525915855
9365882010
4808900409
13307277446
3145780565
6036239295
12018405133
5037844866
12813752632
8035134280
9703960867
2144340049
6199906148
5404497780
16153944411
5712189985
18045209111
3363405506
3105058096
3105058096
6036863398
13145818737
9287133212
8043390747
9403681994
6142635551
8454162206
7133920498
8642682588
8012942914
2547729331
2086844376
5035804288
4027208861
19128714111
4849997381
5074753455
8168106140
9726251836
4074014403
7653363100
15592646443
2566385961
8122735233
18285086606
16096413392
18047697500
4064592669
8012942914
5134790517
18027662238
5612623103
5127912128
2046638886
NoMatch
5593921729
5614363226
2104906552
6095587226
8649330489
2102739242
2408993972
8178793331
2146324499
8036227502
19703309038
17574816549
6512136550
3304773733
4434176504
8019136318
18014200300
8122491509
5095315364
6312764855
18057179688
3036907747
9708896216
7243167106
15744538470
14805934041
12538472221
9084140755
4148033059
14062223992
4063602888
8324894161
7196381800
5155775267
9529332593
5419742751
7329046199
18176881600
5417292538
13608521935
8283991396
4047010297
3016625100
9704050957
14056814645
8303771577
17179408670
7172328292
5414472830
6107635310
5139343999
17202738379
8643983360
2108588507
6104068383
6239722385
8014661161
4026514877
6084237101
2052720461
7172738550
2159325448
3042678810
6418433536
7873099400
16022847915
3192415079
5095216368
17175174843
7135605423
6016165397
16175126577
8308955858
19373446682
8044673461
9378332886
3609048034
2083430732
2072941530
6202315890
9722434911
7152201828
7146127012
13524602259
7605214689
9255956971
4195652084
7328290748

7343201406
5419350117
5203231960
13528040854
4029844539
5855864590
15174566253
7148669895
9085109462
12403727491
8015612011
6022904758
8054273094
13218633115
14055232172
7202016089
14195266688
8122129305
5083594409
5622447067
9513039888
9362064188
9124830143
8177067835
8188004701
2055150456
3603982944
7342164720
9492017138
8324030753
6095486085
7175870876
9498556700
7202401547
12067892819
4349892509
5706505542
8022758861
5023216832
4072287889
5028960305
2299422365
9083703876
9702145929
4805866796
5714352970
13304737292
6129914642
7608156523
3618064822
15025983398
6154597030
17578701265
8132636877
6154858533
5734746910
5042724610
4122605708
7708514259
9133939916
6619048913
8176889452
3864627775
4136361388
19205404126
2106588325
6317513200
5037563420
4105198445
8324999224
6088331735
3307931309
6097410600
3154890900
6623241006
16625340865